[X,Y] = meshgrid(100:100:1000,100000:100000:10000000);

Zparallel = [ 19.572 19.523 58.639 58.639 70.368 78.187 86.006 115.842 121.189 140.736 ; 35.184 58.640 89.914 125.098 144.646 160.282 191.527 207.194 230.648 258.016 ; 54.731 101.642 128.981 168.102 195.466 234.559 277.534 316.654 375.294 414.388 ; 46.912 101.642 152.463 207.195 282.553 324.474 367.477 422.208 465.210 535.577 ; 82.073 140.736 195.466 258.093 320.565 390.933 465.239 516.001 617.723 637.214 ; 89.914 175.892 242.378 316.656 398.752 410.451 484.757 559.034 609.855 688.042 ; 82.096 164.192 250.197 347.930 398.751 504.303 555.112 660.645 746.712 797.503 ; 101.642 183.739 273.653 371.387 461.301 543.396 637.221 727.135 860.052 906.964 ; 105.552 211.103 308.838 406.570 535.578 613.736 731.044 817.195 914.782 1012.487 ; 113.372 226.741 363.567 457.363 583.123 719.357 793.594 926.512 1039.913 1153.130 ; 136.827 277.563 398.751 527.737 637.192 750.590 883.508 1006.965 1118.067 1262.713 ; 140.736 273.653 410.480 562.943 684.104 828.778 961.694 1094.611 1247.075 1368.407 ; 148.555 316.655 453.482 621.584 742.742 914.812 1051.587 1196.253 1380.015 1497.278 ; 160.283 320.564 500.394 672.434 832.697 973.423 1121.977 1266.623 1446.450 1614.552 ; 172.011 351.838 516.002 695.860 860.023 1024.243 1188.436 1403.448 1563.730 1790.472 ; 183.739 367.476 566.855 731.043 899.145 1110.250 1274.441 1469.908 1648.736 1825.699 ; 195.466 383.114 605.946 817.021 977.332 1161.070 1368.265 1540.275 1751.379 1966.126 ; 215.014 410.479 637.221 832.687 1035.972 1266.599 1442.572 1641.890 1849.112 2060.251 ; 242.377 433.936 676.314 863.992 1082.854 1290.217 1587.131 1712.285 1986.093 2204.860 ; 246.287 461.301 688.042 914.783 1145.434 1364.446 1602.824 1849.134 2040.640 2260.755 ; 250.198 496.485 715.406 973.394 1188.436 1454.304 1677.078 1931.185 2150.386 2408.169 ; 277.535 500.366 758.409 1004.804 1266.623 1497.274 1782.653 2005.484 2279.108 2513.669 ; 269.744 531.668 805.322 1067.245 1329.148 1563.708 1829.566 2095.399 2338.284 2654.405 ; 285.382 551.219 832.686 1102.431 1372.251 1634.138 1923.389 2212.679 2462.877 2713.047 ; 289.412 586.399 875.994 1149.402 1438.661 1712.314 1993.735 2290.866 2566.042 2845.990 ; 320.537 652.885 887.492 1184.527 1493.340 1916.789 2060.281 2376.843 2673.980 2955.480 ; 308.837 633.310 949.967 1231.439 1548.070 1841.294 2157.949 2482.422 2771.713 3049.276 ; 320.565 641.129 957.786 1290.078 1587.187 1907.751 2252.082 2576.222 2881.175 3174.416 ; 332.293 664.556 1028.153 1350.418 1677.101 1989.847 2314.460 2638.797 3002.363 3303.416 ; 347.930 684.132 1028.153 1364.354 1739.629 2068.034 2503.432 2932.789 3196.400 3432.418 ; 368.146 727.106 1067.246 1411.267 1763.106 2134.493 2482.395 2826.466 3219.498 3604.654 ; 371.387 734.925 1137.658 1469.906 1831.598 2189.224 2552.868 2935.904 3260.379 3651.348 ; 383.092 750.592 1141.525 1509.001 1888.206 2255.683 2658.343 3011.030 3398.006 3764.682 ; 390.933 777.956 1172.901 1544.185 1950.754 2314.364 2701.345 3150.918 3491.001 3858.647 ; 418.327 805.291 1209.256 1595.007 2013.303 2372.962 2814.744 3201.712 3623.946 3987.543 ; 414.389 820.959 1255.033 1645.827 2048.488 2478.485 2900.698 3252.608 3686.525 4069.609 ; 422.208 840.506 1286.253 1692.746 2095.400 2595.794 2955.452 3377.629 3777.491 4210.345 ; 461.273 863.934 1293.988 1739.651 2157.947 2623.172 3053.207 3498.820 3874.143 4332.788 ; 453.482 887.418 1340.218 1791.272 2228.346 2662.192 3107.886 3577.034 4042.340 4433.239 ; 465.210 942.147 1364.341 1835.200 2275.228 2721.145 3182.235 3678.747 4097.007 4538.700 ; 473.000 946.057 1407.357 1903.842 2365.223 2854.401 3272.132 3745.135 4253.478 4652.072 ; 504.281 953.876 1450.332 1942.909 2384.798 2861.627 3367.250 3842.841 4288.686 4792.842 ; 500.411 1008.578 1481.634 1974.211 2447.238 2951.651 3454.582 3953.558 4410.011 4878.813 ; 519.941 1000.788 1528.546 2005.481 2533.244 3041.488 3487.119 3985.257 4507.459 4996.125 ; 516.005 1043.790 1544.185 2040.744 2568.339 3096.192 3604.372 4167.347 4636.432 5195.586 ; 543.397 1063.338 1579.341 2134.515 2627.068 3147.039 3682.586 4202.526 4712.904 5261.961 ; 543.369 1071.157 1641.946 2138.403 2673.950 3201.739 3737.317 4304.147 4832.056 5332.386 ; 578.587 1106.339 1669.255 2208.741 2744.324 3279.926 3831.141 4398.100 5050.375 5527.788 ; 574.671 1145.433 1688.801 2247.863 2802.988 3377.658 3881.997 4464.451 5074.969 5613.794 ; 602.065 1137.592 1708.382 2291.220 2853.785 3506.689 3995.575 4547.821 5164.221 5705.778 ; 586.399 1172.799 1774.835 2337.777 2928.087 3475.397 4061.765 4703.228 5246.363 5777.955 ; 613.765 1192.345 1790.472 2388.576 3006.272 3580.944 4223.971 4734.195 5340.208 5887.419 ; 609.855 1227.601 1809.990 2396.418 3041.491 3615.541 4245.530 4808.916 5453.507 6024.420 ; 652.858 1231.409 1868.704 2494.150 3082.250 3706.041 4515.578 5003.939 5523.880 6090.704 ; 645.039 1297.897 1903.843 2853.810 3537.941 4241.589 4910.112 5148.693 5766.270 6283.388 ; 648.922 1292.972 1942.972 2564.518 3221.286 3835.049 4464.488 5136.828 5750.694 6372.203 ; 664.585 1336.990 1958.546 2638.794 3291.707 3924.970 4562.213 5199.963 5860.080 6493.358 ; 668.465 1344.809 1997.637 2681.798 3299.444 3999.278 4632.551 5297.138 5922.652 6560.046 ; 703.656 1368.236 2044.577 2677.857 3378.836 4022.701 4679.707 5398.807 6094.919 6669.350 ; 691.950 1422.996 2122.761 2736.526 3447.998 4120.702 4777.198 5492.775 6129.824 6854.422 ; 715.405 1399.510 2075.852 2822.535 3479.300 4179.070 4877.230 5582.617 6247.082 6955.113 ; 734.926 1411.245 2134.493 2857.696 3557.851 4244.409 4917.934 5609.895 6380.022 7056.466 ; 731.045 1490.748 2190.930 2885.056 3584.830 4428.250 5371.415 6136.689 6602.894 7217.767 ; 754.473 1469.884 2216.628 2978.884 3639.584 4354.967 5113.397 5856.172 6567.647 7326.056 ; 774.046 1485.544 2251.772 2990.634 3713.934 4430.407 5226.771 5992.998 6708.378 7412.084 ; 774.024 1536.367 2298.658 3006.670 3756.863 4573.911 5316.706 6063.366 6779.874 7533.251 ; 777.957 1544.184 2302.593 3061.003 3823.585 4601.254 5347.958 6153.377 6900.043 7607.528 ; 805.294 1555.912 2333.713 3143.703 3925.879 4675.528 5461.526 6219.739 6997.012 7757.182 ; 805.292 1591.066 2400.299 3150.977 3956.333 4710.738 5508.220 6276.263 7072.029 7853.803 ; 820.929 1649.709 2560.813 3268.170 3995.396 4765.442 5559.061 6379.990 7619.289 7960.578 ; 824.843 1649.738 2431.600 3260.482 4073.518 4859.266 5695.906 6485.545 7310.584 8088.493 ; 848.295 1680.982 2521.489 3334.628 4118.001 4929.660 5774.207 6552.104 7345.625 8170.997 ; 840.472 1677.101 2544.972 3299.589 4194.615 4999.999 5786.180 6691.365 7490.270 8513.346 ; 856.142 1716.363 2552.132 3389.386 4292.440 5066.460 5918.761 6876.790 7599.708 8421.914 ; 887.417 1716.165 2576.326 3424.606 4276.775 5152.583 5976.677 6838.392 7689.656 8502.808 ; 887.395 1735.740 2663.843 3471.482 4319.928 5207.223 6043.818 6899.935 7795.235 8596.609 ; 922.574 1778.720 2635.014 3608.308 4362.807 5278.276 6118.069 6993.758 7904.760 8776.493 ; 930.462 1790.444 2697.414 3549.668 4452.724 5336.338 6282.288 7104.411 8010.215 8846.906 ; 918.692 1837.383 2724.800 3612.191 4488.128 5437.877 6297.898 7169.967 8093.531 8991.450 ; 942.121 1868.631 2732.620 3643.492 4542.610 5476.279 6352.690 7486.440 8268.203 9057.374 ; 946.034 1868.658 2779.673 3698.200 4663.981 5539.494 6479.055 7384.719 8320.388 9232.361 ; 989.038 1876.475 2814.715 3760.410 4663.828 5633.341 6544.214 7443.389 8402.236 9280.720 ; 969.513 1896.023 2845.961 3807.685 4706.803 5643.288 6596.277 7592.012 8459.790 9402.008 ; 965.603 1935.117 2888.970 3831.141 4808.472 5734.957 6725.388 7642.733 8623.629 9499.866 ; 992.969 1985.916 2920.240 3875.526 4835.837 5786.063 6774.901 7770.399 8725.715 9683.455 ; 1012.515 1970.276 2936.110 3956.212 4902.317 5883.542 6829.573 7932.095 8789.333 9790.175 ; 1043.792 2025.008 2986.794 4046.224 4997.636 5990.398 7236.689 7987.883 10024.139 10360.931 ; 1020.334 2071.942 3006.245 4014.880 5023.697 6083.978 7083.789 8018.030 9013.539 10000.058 ; 1035.942 2068.034 3061.191 4054.009 5152.468 6134.998 7107.126 8135.405 9206.465 